457 0 -0.9999999999999694
458 0 -1.00000000000004
460 0 -1.000000000000004
461 0 -1.000000000000014
462 0 -1.000000000000011
463 0 -1.000000000000004
465 0 -0.9999999999999923
467 0 -1.000000000000032
468 0 -0.9999999999999888
470 0 -0.9999999999999895
471 0 -0.9999999999999764
472 0 -0.9999999999999867
477 0 1.000000000000004
478 0 1.000000000000004
479 0 1.000000000000005
480 0 1.000000000000004
481 0 1.000000000000007
482 0 1.000000000000006
484 0 1.000000000000007
486 0 1.000000000000006
487 0 1.000000000000005
488 0 1.000000000000004
489 0 1.000000000000005
490 0 1.000000000000005
492 0 1.000000000000007
494 0 1.000000000000006
496 0 1.000000000000002
497 0 1.000000000000004
502 0 -1.000000000000004
503 0 -1.000000000000004
504 0 -0.999999999999975
505 0 -1.000000000000019
506 0 -1.000000000000005
508 0 -1.000000000000007
510 0 -1.000000000000014
511 0 -0.9999999999999923
512 0 -1.000000000000002
513 0 -1.000000000000004
514 0 -1.000000000000004
516 0 -1.000000000000004
518 0 -1.000000000000004
520 0 -1.000000000000006
521 0 -1.000000000000006
526 0 1.000000000000006
527 0 1.000000000000005
528 0 0.9999999999999857
529 0 1.000000000000014
530 0 1.000000000000006
532 0 1.000000000000006
534 0 1.000000000000007
535 0 0.9999999999999872
536 0 1.000000000000004
537 0 1.000000000000004
538 0 1.000000000000006
540 0 1.000000000000002
542 0 1.000000000000003
544 0 1.000000000000005
545 0 1.000000000000004
550 0 1.000000000000007
551 0 1.000000000000006
552 0 0.999999999999972
553 0 1.000000000000006
554 0 1.000000000000007
556 0 1.000000000000006
558 0 0.9999999999999776
559 0 0.9999999999999644
560 0 1
561 0 1.000000000000003
564 0 1.000000000000005
565 0 1.000000000000007
566 0 1.000000000000003
567 0 1.000000000000004
568 0 1.000000000000006
574 0 -1.000000000000007
575 0 -1.000000000000006
576 0 -0.9999999999999983
577 0 -1.000000000000018
578 0 -1.000000000000005
580 0 -1.000000000000002
582 0 -1.000000000000005
583 0 -1.000000000000004
584 0 -1.000000000000003
585 0 -1.000000000000004
586 0 -1.000000000000004
588 0 -1.000000000000007
590 0 -1.000000000000007
592 0 -0.9999999999999803
593 0 -0.9999999999999795
607 2 25 0.5 67 0.5 0
611 2 25 0.5 26 0.5 0
613 2 26 0.5 28 0.5 0
615 2 28 0.5 62 0.5 0
617 2 29 0.5 41 0.5 0
620 2 29 0.5 31 0.5 0
622 2 31 0.5 32 0.5 0
625 2 32 0.5 62 0.5 0
626 2 33 0.5 41 0.5 0
628 2 33 0.5 34 0.5 0
631 2 34 0.5 36 0.5 0
635 2 36 0.5 86 0.5 0
636 2 37 0.5 67 0.5 0
638 2 37 0.5 39 0.5 0
640 2 39 0.5 40 0.5 0
643 2 40 0.5 86 0.5 0
644 0 -1.000000000000036
645 0 -0.999999999999973
648 1 459 0.5 -0.4999999999999847
650 1 459 0.5 -0.5000000000000018
652 0 -1.000000000000013
655 0 -0.9999999999999822
656 0 -1.000000000000105
657 1 464 0.5 -0.5000000000000053
659 1 464 0.5 -0.5000000000000018
660 0 -1.000000000000008
662 0 -1.000000000000004
665 0 -1.000000000000019
667 1 466 0.5 -0.4999999999999962
668 1 466 0.5 -0.4999999999999944
672 0 -1.000000000000048
673 0 -1.000000000000024
675 0 -1.000000000000062
676 1 469 0.5 -0.4999999999999947
678 1 469 0.5 -0.4999999999999882
679 0 -1.000000000000026
680 2 500 0.5 501 0.5 0
681 0 -0.9999999999999671
682 0 -0.9999999999999525
683 2 500 0.5 509 0.5 0
684 0 -1.000000000000079
685 2 524 0.5 525 0.5 0
686 0 0.9999999999999608
687 0 0.9999999999999845
688 2 524 0.5 533 0.5 0
689 0 1.000000000000053
690 2 548 0.5 549 0.5 0
691 0 0.9999999999999805
692 0 1.000000000000011
693 2 548 0.5 557 0.5 0
694 0 1.000000000000025
695 0 -0.9999999999999504
696 2 571 0.5 573 0.5 0
697 0 -0.9999999999999796
698 2 571 0.5 591 0.5 0
699 0 -1.000000000000052
713 2 609 0.5 610 0.5 0
730 2 630 0.5 633 0.5 0
732 2 609 0.5 639 0.5 0
737 2 633 0.5 641 0.5 0
738 2 594 0.5 649 0.5 0
741 2 594 0.5 595 0.5 0
743 2 595 0.5 596 0.5 0
745 2 596 0.5 653 0.5 0
748 2 597 0.5 649 0.5 0
749 2 597 0.5 599 0.5 0
751 2 598 0.5 599 0.5 0
752 2 598 0.5 664 0.5 0
756 2 600 0.5 664 0.5 0
758 2 600 0.5 601 0.5 0
759 2 601 0.5 602 0.5 0
763 2 602 0.5 670 0.5 0
765 2 604 0.5 653 0.5 0
766 2 603 0.5 604 0.5 0
768 2 603 0.5 605 0.5 0
769 2 605 0.5 670 0.5 0
770 2 26 0.5 610 0.5 0
773 2 26 0.5 612 0.5 0
774 2 31 0.5 621 0.5 0
776 2 31 0.5 623 0.5 0
777 2 34 0.5 629 0.5 0
779 2 34 0.5 630 0.5 0
780 2 39 0.5 639 0.5 0
782 2 39 0.5 641 0.5 0
784 2 612 0.5 614 0.5 0
788 2 614 0.5 616 0.5 0
789 2 618 0.5 619 0.5 0
792 2 619 0.5 621 0.5 0
794 2 623 0.5 624 0.5 0
796 2 616 0.5 624 0.5 0
797 2 618 0.5 627 0.5 0
799 2 627 0.5 629 0.5 0
812 2 700 0.5 742 0.5 0
815 2 700 0.5 701 0.5 0
817 2 701 0.5 702 0.5 0
819 2 702 0.5 746 0.5 0
822 2 703 0.5 742 0.5 0
823 2 703 0.5 705 0.5 0
825 2 704 0.5 705 0.5 0
826 2 704 0.5 755 0.5 0
830 2 706 0.5 755 0.5 0
832 2 706 0.5 707 0.5 0
833 2 707 0.5 708 0.5 0
837 2 708 0.5 761 0.5 0
839 2 710 0.5 746 0.5 0
840 2 709 0.5 710 0.5 0
842 2 709 0.5 711 0.5 0
843 2 711 0.5 761 0.5 0
845 2 712 0.5 714 0.5 0
849 2 716 0.5 772 0.5 0
851 2 716 0.5 717 0.5 0
855 2 720 0.5 721 0.5 0
861 2 722 0.5 723 0.5 0
866 2 726 0.5 727 0.5 0
873 2 728 0.5 729 0.5 0
876 2 729 0.5 731 0.5 0
878 2 712 0.5 733 0.5 0
883 2 731 0.5 736 0.5 0
884 2 714 0.5 715 0.5 0
888 2 715 0.5 772 0.5 0
889 2 717 0.5 718 0.5 0
893 2 718 0.5 786 0.5 0
894 2 719 0.5 793 0.5 0
897 2 719 0.5 720 0.5 0
900 2 723 0.5 724 0.5 0
902 2 724 0.5 786 0.5 0
903 2 725 0.5 793 0.5 0
906 2 725 0.5 726 0.5 0
907 2 733 0.5 734 0.5 0
909 2 734 0.5 783 0.5 0
912 2 735 0.5 783 0.5 0
915 2 735 0.5 736 0.5 0
917 2 721 0.5 775 0.5 0
919 2 722 0.5 775 0.5 0
921 2 727 0.5 778 0.5 0
923 2 728 0.5 778 0.5 0
936 2 800 0.5 816 0.5 0
939 2 800 0.5 801 0.5 0
941 2 801 0.5 802 0.5 0
943 2 802 0.5 820 0.5 0
946 2 803 0.5 816 0.5 0
947 2 803 0.5 805 0.5 0
949 2 804 0.5 805 0.5 0
950 2 804 0.5 829 0.5 0
954 2 806 0.5 829 0.5 0
956 2 806 0.5 807 0.5 0
957 2 807 0.5 808 0.5 0
961 2 808 0.5 835 0.5 0
963 2 810 0.5 820 0.5 0
964 2 809 0.5 810 0.5 0
966 2 809 0.5 811 0.5 0
967 2 811 0.5 835 0.5 0
969 2 844 0.5 846 0.5 0
975 2 846 0.5 847 0.5 0
978 2 847 0.5 886 0.5 0
1019 2 886 0.5 887 0.5 0
1028 2 772 0.5 887 0.5 0
1031 2 772 0.5 848 0.5 0
1052 2 848 0.5 850 0.5 0
1055 2 850 0.5 852 0.5 0
1058 2 852 0.5 853 0.5 0
1063 2 853 0.5 854 0.5 0
1066 2 854 0.5 891 0.5 0
1067 2 898 0.5 899 0.5 0
1074 2 720 0.5 899 0.5 0
1076 2 720 0.5 856 0.5 0
1088 2 856 0.5 857 0.5 0
1093 2 857 0.5 858 0.5 0
1095 2 858 0.5 920 0.5 0
1160 2 859 0.5 920 0.5 0
1162 2 859 0.5 860 0.5 0
1165 2 860 0.5 862 0.5 0
1168 2 862 0.5 863 0.5 0
1172 2 863 0.5 864 0.5 0
1174 2 864 0.5 891 0.5 0
1175 2 898 0.5 905 0.5 0
1184 2 726 0.5 905 0.5 0
1187 2 726 0.5 865 0.5 0
1192 2 865 0.5 867 0.5 0
1197 2 867 0.5 868 0.5 0
1200 2 868 0.5 869 0.5 0
1243 2 869 0.5 870 0.5 0
1264 2 870 0.5 872 0.5 0
1267 2 872 0.5 874 0.5 0
1270 2 874 0.5 875 0.5 0
1273 2 875 0.5 877 0.5 0
1274 2 844 0.5 879 0.5 0
1279 2 879 0.5 880 0.5 0
1281 2 880 0.5 910 0.5 0
1299 2 910 0.5 911 0.5 0
1304 2 783 0.5 911 0.5 0
1306 2 783 0.5 913 0.5 0
1313 2 913 0.5 916 0.5 0
1339 2 881 0.5 916 0.5 0
1341 2 881 0.5 882 0.5 0
1344 2 877 0.5 882 0.5 0
1345 2 924 0.5 940 0.5 0
1348 2 924 0.5 925 0.5 0
1351 2 925 0.5 926 0.5 0
1354 2 926 0.5 944 0.5 0
1357 2 927 0.5 940 0.5 0
1358 2 927 0.5 929 0.5 0
1361 2 928 0.5 929 0.5 0
1362 2 928 0.5 953 0.5 0
1367 2 930 0.5 953 0.5 0
1370 2 930 0.5 931 0.5 0
1372 2 931 0.5 932 0.5 0
1376 2 932 0.5 959 0.5 0
1379 2 934 0.5 944 0.5 0
1380 2 933 0.5 934 0.5 0
1383 2 933 0.5 935 0.5 0
1384 2 935 0.5 959 0.5 0
1385 2 1349 0.5 1350 0.5 0
1391 2 1352 0.5 1355 0.5 0
1393 2 1349 0.5 1360 0.5 0
1397 2 1364 0.5 1366 0.5 0
1400 2 1366 0.5 1369 0.5 0
1405 2 1371 0.5 1374 0.5 0
1408 2 1355 0.5 1377 0.5 0
1411 2 1374 0.5 1381 0.5 0
1413 2 925 0.5 1350 0.5 0
1415 2 925 0.5 1352 0.5 0
1417 2 929 0.5 1360 0.5 0
1418 2 929 0.5 1364 0.5 0
1421 2 931 0.5 1369 0.5 0
1424 2 931 0.5 1371 0.5 0
1427 2 933 0.5 1377 0.5 0
1428 2 933 0.5 1381 0.5 0
1441 2 1386 0.5 1387 0.5 0
1448 2 1387 0.5 1388 0.5 0
1450 2 1388 0.5 1416 0.5 0
1451 2 1389 0.5 1416 0.5 0
1453 2 1389 0.5 1390 0.5 0
1458 2 1390 0.5 1392 0.5 0
1461 2 1394 0.5 1395 0.5 0
1462 2 1394 0.5 1420 0.5 0
1466 2 1386 0.5 1395 0.5 0
1469 2 1396 0.5 1420 0.5 0
1470 2 1396 0.5 1398 0.5 0
1474 2 1398 0.5 1399 0.5 0
1479 2 1399 0.5 1401 0.5 0
1484 2 1401 0.5 1402 0.5 0
1486 2 1402 0.5 1423 0.5 0
1487 2 1403 0.5 1423 0.5 0
1491 2 1403 0.5 1404 0.5 0
1496 2 1404 0.5 1406 0.5 0
1499 2 1392 0.5 1407 0.5 0
1503 2 1407 0.5 1409 0.5 0
1504 2 1409 0.5 1425 0.5 0
1509 2 1406 0.5 1410 0.5 0
1511 2 1412 0.5 1425 0.5 0
1512 2 1410 0.5 1412 0.5 0
1513 2 1445 0.5 1446 0.5 0
1520 2 1446 0.5 1447 0.5 0
1535 2 1429 0.5 1447 0.5 0
1537 2 1429 0.5 1430 0.5 0
1543 2 1430 0.5 1431 0.5 0
1545 2 1431 0.5 1454 0.5 0
1572 2 1454 0.5 1456 0.5 0
1579 2 1456 0.5 1459 0.5 0
1581 2 1432 0.5 1465 0.5 0
1582 2 1432 0.5 1434 0.5 0
1587 2 1433 0.5 1434 0.5 0
1588 2 1433 0.5 1473 0.5 0
1597 2 1465 0.5 1468 0.5 0
1602 2 1445 0.5 1468 0.5 0
1611 2 1473 0.5 1476 0.5 0
1620 2 1476 0.5 1478 0.5 0
1641 2 1478 0.5 1481 0.5 0
1650 2 1481 0.5 1483 0.5 0
1675 2 1435 0.5 1483 0.5 0
1678 2 1435 0.5 1436 0.5 0
1683 2 1436 0.5 1437 0.5 0
1686 2 1437 0.5 1489 0.5 0
1697 2 1489 0.5 1492 0.5 0
1700 2 1492 0.5 1494 0.5 0
1722 2 1459 0.5 1497 0.5 0
1729 2 1497 0.5 1500 0.5 0
1741 2 1494 0.5 1505 0.5 0
1744 2 1505 0.5 1507 0.5 0
1749 2 1439 0.5 1500 0.5 0
1750 2 1438 0.5 1439 0.5 0
1752 2 1438 0.5 1440 0.5 0
1753 2 1440 0.5 1507 0.5 0
